x 0 0.0 -3.0 0.0
z 0 1 1.4834989263988994 0.006687281065071326 3.149287925025427
x 1 0.5931695576792215 -2.9219077462387197 0.2617993877991494
z 1 1 1.2992256800236286 -0.34479698809413295 3.1266678359263707
x 2 1.1459155902616462 -2.6929528429951586 0.5235987755982988
z 2 1 0.8977426250407666 -0.839735160309021 2.8236006635014137
z 2 4 3.3132582120504988 0.971600791370997 -1.4998375233916306
x 3 1.6205693690827911 -2.328738188559498 0.7853981633974483
z 3 2 4.07977232705823 0.4392864990837329 -1.8717872748483255
z 3 4 2.3983126365793437 0.8470297256173444 -1.4888195889598521
x 4 1.9847840235184515 -1.8540844097383538 1.0471975511965976
z 4 2 4.000054487028097 0.12747696941327455 -1.8243033275010312
z 4 4 2.4280596193418624 0.7133361352047048 -1.3478816558885736
x 5 2.2137389267620127 -1.301338377155929 1.308996938995747
z 5 2 3.7838421538166798 -0.0744010414787488 -1.8642129218098311
z 5 3 4.960040592896315 0.5510904780607925 -1.2544291592419043
z 5 4 2.0293854489516523 0.5009569659124169 -1.2598535814832956
x 6 2.2918311805232934 -0.7081688194767076 1.5707963267948963
z 6 2 3.175435727641712 -0.40465454779955345 -1.8456925805950615
z 6 3 5.054723728889313 0.19896763456963737 -1.2330847271610097
z 6 4 1.908985216935597 0.36310497609308656 -1.1637250979468663
x 7 2.213738926762013 -0.11499926179748621 1.8325957145940457
z 7 2 2.6840969783717377 -0.6805602632572323 -1.9446853306799239
z 7 3 4.306139704856338 -0.03546117204727261 -1.1875718930163868
z 7 4 1.549412963799374 0.10405526342471696 -1.1139916749535814
x 8 1.984784023518452 0.43774677078493895 2.0943951023931953
z 8 3 3.7097104237643874 -0.2826514837810134 -1.2344184989229614
z 8 4 0.8317140272425418 -0.15979129421022648 -1.0922988919582697
x 9 1.6205693690827916 0.9124005496060839 2.356194490192345
z 9 3 2.408769029738009 -0.7105475064005505 -1.3110554285042744
z 9 4 0.5049431972595066 -0.8044996051471472 -1.412794406218467
z 9 5 3.503760871228948 0.9928787391245314 0.375639021845426
x 10 1.1459155902616467 1.2766152040417447 2.6179938779914944
z 10 0 4.196489935342545 0.15008922555324286 -0.33921432406915863
z 10 3 2.705501235276624 -1.0274281578061635 -1.3754175257971608
z 10 5 3.0976305997249263 0.7721234307351148 0.37542583727970635
x 11 0.5931695576792215 1.5055701072853056 2.879793265790644
z 11 0 3.7273348782071376 -0.20854086110290126 -0.3060650663807484
z 11 5 3.2494345164433893 0.6633044732639706 0.48520841565560896
x 12 -3.3306690738754696e-16 1.5836623610465859 3.1415926535897936
z 12 0 2.6547274097159947 -0.5496279339459572 -0.33183957728330526
x 13 -0.5931695576792221 1.5055701072853054 3.403392041388943
z 13 0 2.986801583524161 -0.9232300106071015 -0.4810886103932221
x 14 -1.6205693690827916 0.9124005496060827 3.9269908169872423
z 14 5 1.486669301930244 -0.5503114787528344 0.5370403141777051
x 15 -1.9847840235184513 0.4377467707849385 4.188790204786391
z 15 5 1.1399071647827925 -0.9860612922924477 0.22415802983288463
x 16 -2.2918311805232925 -0.7081688194767066 4.71238898038469
z 16 1 3.4143343408947695 1.0936747918636578 2.7934320643451946
x 17 -2.2137389267620122 -1.3013383771559275 4.974188368183839
z 17 1 2.9728689921816165 0.868795485274471 2.90906136945094
x 18 -1.9847840235184517 -1.854084409738352 5.235987755982988
z 18 1 2.750237825449419 0.6243664592065066 2.9647991478764393
x 19 -1.6205693690827923 -2.3287381885594964 5.497787143782137
z 19 1 2.571816993932557 0.42471971926693475 3.113901754989169
x 20 -1.1459155902616487 -2.692952842995157 5.759586531581286
z 20 1 2.140378400408222 0.29102724204550773 -3.0947328407500976
x 21 -0.5931695576792247 -2.9219077462387184 6.021385919380435
z 21 1 1.7047979735343808 0.212400157598925 -3.0417669036488024
x 22 0.593169557679217 -2.9219077462387206 6.544984694978734
z 22 1 0.761566366478042 -0.4274044568496051 -3.154747067518834
x 23 1.1459155902616418 -2.6929528429951612 6.806784082777883
z 23 2 4.617135617378825 0.5774190582084204 -1.8012996277326763
z 23 4 3.5213546585152544 0.9476061291433721 -1.4039431938085347
x 24 1.6205693690827867 -2.3287381885595027 7.068583470577032
z 24 2 4.471866169191122 0.35498175547477834 -1.7790765043302923
z 24 4 2.9074924640831727 0.76661011186244 -1.3693494836022422
x 25 1.9847840235184482 -1.8540844097383598 7.330382858376181
z 25 2 4.228752904206372 0.10511561469742763 -1.7672225393782914
z 25 4 2.1297953584428315 0.6366794275267865 -1.2124652797792825
x 26 2.213738926762011 -1.3013383771559364 7.59218224617533
z 26 2 3.308658752782919 -0.09119263519769985 -1.7691948286484236
z 26 3 5.39155943455464 0.4627579747765016 -1.1880563225076215
z 26 4 2.0893693325524274 0.5193964818122585 -1.1429025980502812
x 27 2.2918311805232934 -0.7081688194767158 7.853981633974479
z 27 2 3.5549779320850163 -0.3659685098779321 -1.7688292855963041
z 27 3 4.4250963627437745 0.28140969986667924 -1.1984726517055837
z 27 4 1.6537665719676249 0.39546949098767953 -1.0046045476687113
x 28 2.2137389267620153 -0.11499926179749453 8.115781021773628
z 28 2 2.563592538946117 -0.6003330369008371 -1.8613653432001394
z 28 3 3.65677830016292 0.08179168966791295 -1.2063947547935536
z 28 4 1.535714198511953 0.2520459442620754 -0.9338653964149837
x 29 1.984784023518457 0.43774677078493063 8.377580409572777
z 29 3 3.749552132515825 -0.29790734602875524 -1.1004702280795957
z 29 4 0.9041674920751109 -0.033836077912649254 -0.826015395823902
x 30 1.6205693690827991 0.9124005496060763 8.639379797371927
z 30 0 3.2561910612840093 0.1975600515341644 -0.27102158740738863
z 30 3 2.8611720190186873 -0.6737142276648647 -1.2344299903946034
z 30 4 0.4831493646118296 -0.3969401224624377 -0.9230638531462981
z 30 5 3.315777550293425 0.7751410399908252 0.34043067791271087
x 31 1.1459155902616571 1.276615204041739 8.901179185171076
z 31 0 4.686379585108139 0.06604172230343636 -0.28306963160581394
z 31 3 2.3833972025697716 -0.9396381137361239 -1.289691575079224
z 31 5 3.975764686969103 0.6730056247194652 0.44915170901399687
x 32 0.593169557679234 1.5055701072853025 9.162978572970225
z 32 0 3.958014975822178 -0.2537031780348229 -0.2859359388734168
z 32 5 2.748187328720051 0.45725303792178074 0.5049975458076271
x 33 1.3655743202889425e-14 1.583662361046586 9.424777960769374
z 33 0 3.3214147159839653 -0.48547959686429104 -0.29908270968132106
z 33 5 2.1885277352917365 0.3539961324288592 0.47946471160972814
x 34 -0.5931695576792078 1.5055701072853094 9.686577348568523
z 34 0 2.4246486921746353 -0.7937192245270365 -0.4128724368070533
x 35 -1.1459155902616334 1.276615204041752 9.948376736367672
z 35 5 2.0470927393801137 -0.0843760135491214 0.5684303142881684
x 36 -1.6205693690827796 0.9124005496060951 10.210176124166821
z 36 5 1.6001771036221237 -0.33822220616754506 0.5142439829179292
x 37 -1.9847840235184602 -1.8540844097383369 11.519173063162567
z 37 1 3.2825444305141263 0.8966452665157345 3.0122099700106815
x 38 -1.620569369082804 -2.328738188559484 11.780972450961716
z 38 1 3.2756991222976626 0.8650349785235255 3.115195166251104
x 39 -1.1459155902616631 -2.692952842995148 12.042771838760865
z 39 1 2.6374017739978086 0.8332370582909426 -3.1152961845409397
x 40 -0.593169557679241 -2.921907746238714 12.304571226560014
z 40 1 2.4250712683373323 0.6152874450160732 -2.8856679309671325
x 41 -2.0872192862952943e-14 -2.9999999999999996 12.566370614359164
z 41 1 1.8844771521899146 0.44968294695397004 -2.8135052094975994
x 42 1.1459155902616271 -2.6929528429951692 13.089969389957462
z 42 1 1.2021976042403242 0.21578668425585099 -2.7153438133035386
x 43 1.6205693690827747 -2.328738188559514 13.351768777756611
z 43 1 0.6715182899507689 -0.11096307153027721 -2.691313103502688
x 44 1.9847840235184397 -1.8540844097383742 13.61356816555576
z 44 4 2.943718986994271 0.9972582482574106 -1.4212117382742369
x 45 2.2137389267620065 -1.3013383771559521 13.87536755335491
z 45 4 2.8009836953437355 0.7253946595386666 -1.3971909926961763
x 46 2.2918311805232934 -0.7081688194767322 14.137166941154058
z 46 2 4.6954806939454565 0.23608356148108411 -1.7458735185223397
z 46 4 3.0286993164470344 0.649175225009925 -1.257006912668857
x 47 2.2137389267620198 -0.11499926179751041 14.398966328953207
z 47 2 3.469544578379794 -0.053721551376261056 -1.7007984473080857
x 48 1.9847840235184653 0.4377467707849164 14.660765716752357
z 48 2 3.867731658375809 -0.4442578621850803 -1.7602510955249526
z 48 3 4.632823311164108 0.15791924486744782 -1.1187558509258175
z 48 4 2.4633535021115547 0.29494093964006685 -0.9579442387687196
x 49 1.620569369082811 0.9124005496060648 14.922565104551506
z 49 2 3.136018648024016 -0.7175203962259505 -1.8063804382436848
z 49 3 4.784077440824539 -0.08475746218918043 -1.1799945748896097
z 49 4 1.5292118995314723 0.12909833360683645 -1.0106466957794888
x 50 1.1459155902616713 1.2766152040417307 15.184364492350655
z 50 2 2.586865657797582 -0.9498520062626938 -1.9576030082016305
z 50 3 4.550125999314467 -0.18069228977643084 -1.1790282465757385
z 50 4 1.2254417409837917 -0.02936498210958351 -0.9958365249765553
x 51 0.59316955767925 1.5055701072852985 15.446163880149804
z 51 0 4.440913592970375 0.31255327545167316 -0.29227044668816293
z 51 3 3.301216957230528 -0.5716183772166855 -1.2052906182876009
z 51 4 0.8054388124874312 -0.38487461411556734 -1.0848197790671428
z 51 5 3.972958331114372 0.9232193889897081 0.2712848589137057
x 52 3.008704396734174e-14 1.5836623610465865 15.707963267948953
z 52 0 4.178108943006723 0.19141635581738428 -0.28533313303111224
z 52 3 3.2731442064209535 -0.8326884054243262 -1.3121987485779247
z 52 5 2.6562837394893806 0.7636018975533733 0.3406776062819675
x 53 -0.5931695576791918 1.505570107285314 15.969762655748102
z 53 0 3.697032649009408 -0.13971901673572598 -0.2869791961304267
z 53 5 3.4876547830501954 0.6839051697973842 0.4093159512499902
