-63.00000000000013
-82.39999999999951
-48.60000000000009
-15.79999999999996
-58.30000000000014
-56.30000000000014
-50.00000000000014
-49.40000000000011
-65.40000000000012
-63.00000000000011
-49.80000000000012
-45.9000000000001
-49.100000000000115
-59.60000000000013
-46.50000000000014
-44.600000000000115
-68.79999999999978
-52.60000000000008
-12.89999999999997
-55.500000000000085
-58.50000000000009
-60.900000000000105
-38.00000000000008
-76.1999999999997
-72.59999999999978
-60.70000000000011
-51.90000000000012
-41.40000000000014
-48.000000000000135
-50.30000000000009
-58.90000000000012
-56.30000000000017
-48.600000000000115
-52.30000000000013
-71.89999999999964
-37.00000000000009
-70.29999999999977
-57.10000000000014
-71.39999999999976
-58.40000000000016
-53.50000000000011
-48.20000000000014
-42.8000000000001
-70.29999999999971
-59.90000000000015
-65.70000000000003
-44.80000000000012
-42.10000000000014
-62.10000000000016
-52.00000000000013
-52.900000000000134
-16.29999999999996
-51.30000000000013
-52.30000000000014
-50.20000000000012
-51.70000000000014
-61.40000000000014
-44.800000000000175
-52.30000000000012
-44.40000000000009
-48.50000000000019
-64.80000000000007
-57.20000000000008
-83.9999999999997
-91.49999999999962
-56.2000000000001
-53.2000000000001
-51.00000000000009
-52.300000000000104
-49.700000000000166
-43.60000000000009
-66.29999999999995
-38.20000000000014
-41.40000000000009
-72.19999999999975
-66.49999999999994
-51.60000000000011
-70.89999999999968
-65.70000000000002
-49.60000000000012
-69.99999999999982
-74.49999999999964
-47.0000000000001
-47.800000000000104
-60.30000000000012
-68.6999999999998
-28.10000000000011
-58.0000000000001
-55.80000000000011
-64.70000000000007
-53.40000000000016
-108.09999999999934
-56.30000000000008
-56.700000000000095
-50.40000000000011
-50.90000000000012
-68.89999999999979
-68.19999999999982
-19.10000000000002
-52.0000000000001
-39.1000000000001
-54.9000000000001
-61.100000000000094
-52.600000000000115
-85.19999999999956
-84.69999999999962
-40.1000000000001
-46.5000000000001
-63.80000000000013
-56.20000000000015
-78.99999999999955
-53.20000000000013
-98.79999999999944
-86.19999999999962
-23.100000000000076
-50.60000000000009
-82.99999999999964
-35.70000000000017
-55.10000000000012
-72.79999999999953
-49.80000000000011
-70.89999999999972
-45.900000000000105
-61.8000000000001
-42.80000000000008
-74.79999999999939
-59.10000000000014
-63.50000000000013
-54.900000000000134
-32.600000000000165
-54.40000000000008
-29.90000000000012
-43.90000000000012
-47.30000000000008
-42.80000000000009
-41.70000000000009
-61.50000000000016
-46.7000000000001
-71.79999999999977
-55.600000000000136
-17.199999999999974
-62.500000000000114
-64.20000000000014
-51.50000000000013
-74.59999999999962
-66.59999999999992
-63.300000000000125
-66.1
-67.49999999999991
-60.10000000000014
-52.300000000000125
-71.39999999999975
-60.40000000000015
-80.2999999999997
-77.49999999999972
-80.6999999999996
-36.600000000000136
-71.79999999999978
-30.700000000000106
-88.39999999999927
-65.50000000000007
-57.80000000000011
-58.4000000000001
-68.49999999999982
-45.30000000000014
-47.400000000000105
-80.79999999999953
-10.399999999999979
-68.19999999999985
-72.19999999999959
-60.10000000000011
-35.100000000000094
-50.50000000000017
-94.19999999999965
-84.69999999999968
-66.39999999999999
-25.700000000000124
-62.2000000000002
-68.09999999999984
-57.70000000000016
-61.100000000000115
-48.30000000000009
-110.49999999999932
-52.0000000000001
-79.79999999999968
-79.99999999999967
-82.59999999999962
-58.4000000000001
-69.79999999999981
-56.90000000000012
-82.39999999999954
-60.4000000000001
-44.00000000000011
-65.10000000000005
-78.3999999999997
-32.80000000000012
-62.700000000000166
-61.80000000000017
-58.70000000000012
-47.00000000000013
-47.40000000000015
-84.39999999999964
-66.39999999999993
-54.40000000000012
-55.90000000000013
-51.20000000000016
-87.99999999999959
-63.60000000000012
-75.2999999999996
-53.30000000000009
-67.39999999999988
-49.40000000000011
-53.50000000000011
-73.89999999999975
-67.49999999999989
-43.20000000000013
-38.100000000000136
-36.700000000000166
-75.39999999999958
-46.6000000000001
-88.2999999999993
-48.30000000000009
-44.90000000000009
-48.900000000000105
-81.7999999999997
-81.59999999999951
-50.80000000000011
-48.30000000000012
-79.09999999999978
-79.59999999999972
-47.50000000000011
-72.49999999999959
-46.80000000000006
-73.99999999999967
-61.300000000000125
-44.6000000000001
-44.60000000000013
-84.49999999999959
-74.89999999999965
-79.39999999999938
-55.30000000000011
-64.30000000000011
-55.80000000000011
-72.59999999999975
-19.200000000000003
-63.800000000000175
-78.09999999999968
-11.799999999999974
-10.19999999999998
